0.00000000 0.78539816 0.00000000 
0.04014180 0.78341808 -0.09861307 
0.08028360 0.77748781 -0.19672890 
0.12042540 0.76763725 -0.29385278 
0.16056719 0.75391608 -0.38949499 
0.20070899 0.73639348 -0.48317326 
0.24085079 0.71515780 -0.57441526 
0.28099259 0.69031613 -0.66276091 
0.32113439 0.66199371 -0.74776476 
0.36127619 0.63033335 -0.82899819 
0.40141798 0.59549470 -0.90605162 
0.44155978 0.55765342 -0.97853651 
0.48170158 0.51700032 -1.04608738 
0.52184338 0.47374037 -1.10836362 
0.56198518 0.42809171 -1.16505122 
0.60212698 0.38028451 -1.21586434 
0.64226878 0.33055982 -1.26054678 
0.68241057 0.27916836 -1.29887324 
0.72255237 0.22636927 -1.33065046 
0.76269417 0.17242877 -1.35571821 
0.80283597 0.11761884 -1.37395010 
0.84297777 0.06221585 -1.38525419 
0.88311957 0.00649915 -1.38957350 
0.92326136 -0.04925032 -1.38688623 
0.96340316 -0.10475145 -1.37720595 
1.00354496 -0.15972441 -1.36058145 
1.04368676 -0.21389199 -1.33709657 
1.08382856 -0.26698108 -1.30686972 
1.12397036 -0.31872398 -1.27005332 
1.16411216 -0.36885980 -1.22683299 
1.20425395 -0.41713574 -1.17742667 
1.24439575 -0.46330838 -1.12208348 
1.28453755 -0.50714490 -1.06108247 
1.32467935 -0.54842428 -0.99473122 
1.36482115 -0.58693836 -0.92336430 
1.40496295 -0.62249296 -0.84734154 
1.44510474 -0.65490879 -0.76704628 
1.48524654 -0.68402242 -0.68288339 
1.52538834 -0.70968703 -0.59527723 
1.56553014 -0.73177324 -0.50466954 
1.60567194 -0.75016966 -0.41151718 
1.64581374 -0.76478354 -0.31628985 
1.68595554 -0.77554119 -0.21946771 
1.72609733 -0.78238838 -0.12153896 
1.76623913 -0.78529057 -0.02299738 
1.80638093 -0.78423314 0.07566016 
1.84652273 -0.77922141 0.17393620 
1.88666453 -0.77028065 0.27133521 
1.92680633 -0.75745595 0.36736609 
1.96694812 -0.74081198 0.46154461 
2.00708992 -0.72043264 0.55339591 
2.04723172 -0.69642071 0.64245685 
2.08737352 -0.66889726 0.72827837 
2.12751532 -0.63800106 0.81042773 
2.16765712 -0.60388791 0.88849072 
2.20779892 -0.56672980 0.96207372 
2.24794071 -0.52671410 1.03080570 
2.28808251 -0.48404258 1.09434011 
2.32822431 -0.43893041 1.15235659 
2.36836611 -0.39160503 1.20456261 
2.40850791 -0.34230509 1.25069493 
2.44864971 -0.29127916 1.29052093 
2.48879150 -0.23878453 1.32383981 
2.52893330 -0.18508589 1.35048357 
2.56907510 -0.13045401 1.37031786 
2.60921690 -0.07516434 1.38324267 
2.64935870 -0.01949567 1.38919284 
2.68950050 0.03627129 1.38813835 
2.72964230 0.09185537 1.38008453 
2.76978409 0.14697629 1.36507198 
2.80992589 0.20135612 1.34317641 
2.85006769 0.25472067 1.31450821 
2.89020949 0.30680085 1.27921194 
2.93035129 0.35733406 1.23746557 
2.97049309 0.40606551 1.18947960 
3.01063488 0.45274947 1.13549598 
3.05077668 0.49715057 1.07578691 
3.09091848 0.53904490 1.01065346 
3.13106028 0.57822124 0.94042405 
3.17120208 0.61448205 0.86545279 
3.21134388 0.64764449 0.78611770 
3.25148568 0.67754135 0.70281882 
3.29162747 0.70402187 0.61597615 
3.33176927 0.72695255 0.52602758 
3.37191107 0.74621775 0.43342665 
3.41205287 0.76172034 0.33864027 
3.45219467 0.77338215 0.24214639 
3.49233647 0.78114438 0.14443155 
3.53247826 0.78496789 0.04598845 
3.57262006 0.78483339 -0.05268653 
3.61276186 0.78074158 -0.15109586 
3.65290366 0.77271307 -0.24874333 
3.69304546 0.76078836 -0.34513657 
3.73318726 0.74502756 -0.43978954 
3.77332906 0.72551015 -0.53222499 
3.81347085 0.70233455 -0.62197683 
3.85361265 0.67561760 -0.70859251 
3.89375445 0.64549402 -0.79163530 
3.93389625 0.61211570 -0.87068646 
3.97403805 0.57565094 -0.94534741 
4.01417985 0.53628362 -1.01524169 
